26 0 0 0 0 0 0 0 0 0 0 0 0 0 0 0 0 0 0 0 0 0 0 0 0 0 0 0 0 0 0 0 0 0 0 0 0 0 0 0 0 0 0 0 0 0 0 0 0 0 0 0 0 0 0 0 0 0 0 0 0 0 0 0 0 0 0 0 0 0 0 0 0 0 0 0 0 0 0 0 0 0 0 0 0 0 0 0 0 0 0 0 26
26 0 0 0 0 0 0 0 0 0 0 0 0 0 0 0 0 0 0 0 0 0 0 0 0 0 0 0 0 0 0 0 0 0 0 0 0 0 0 0 0 0 0 0 0 0 0 0 0 0 0 0 0 0 0 0 0 0 0 0 0 0 0 0 0 0 0 0 0 0 0 0 0 0 0 0 0 0 0 0 0 0 0 0 0 0 0 0 0 0 0 0 26
26 0 0 0 0 0 0 0 0 0 0 0 0 0 0 0 0 0 0 0 0 0 0 0 0 0 0 0 0 0 0 0 0 0 0 0 0 0 0 0 0 0 0 0 0 0 0 0 0 0 0 0 0 0 0 0 0 0 0 0 0 0 0 0 0 0 0 0 0 0 0 0 0 0 0 0 0 0 0 0 0 0 0 0 0 0 0 0 0 0 0 0 26
26 0 0 0 0 0 0 0 0 0 0 0 0 0 0 0 0 0 0 0 0 0 0 0 0 0 0 0 0 0 0 0 0 0 0 0 0 0 0 0 0 0 0 0 0 0 0 0 0 0 0 0 0 0 0 0 0 0 0 0 0 0 0 0 0 0 0 0 0 0 0 0 0 0 0 0 0 0 0 0 0 0 0 0 0 0 0 0 0 0 0 0 26
26 0 0 0 0 0 0 0 0 0 0 0 0 0 0 0 0 0 0 0 0 0 0 0 0 0 0 0 0 0 0 0 0 0 0 0 0 0 0 0 0 0 0 0 0 0 0 0 0 0 0 0 0 0 0 0 0 0 0 0 0 0 0 0 0 0 0 0 0 0 0 0 0 0 0 0 0 0 0 0 0 0 0 0 0 0 0 0 0 0 4 4 4
26 0 0 0 0 0 0 0 0 0 0 0 0 0 0 0 0 0 0 0 0 0 0 0 0 0 0 0 0 0 0 0 0 0 0 0 0 0 0 0 0 0 0 0 0 0 0 0 0 0 0 0 0 0 0 0 0 0 0 0 0 0 0 0 0 0 0 0 0 0 0 0 0 0 0 0 0 0 0 0 0 0 0 0 0 0 0 0 0 4 53 53 53
26 0 0 0 0 0 0 0 0 0 0 0 0 0 0 0 0 0 0 0 0 0 0 0 0 0 0 0 0 0 0 0 0 0 0 0 0 0 0 0 0 0 0 0 0 0 0 0 0 0 0 0 0 0 0 0 0 0 0 0 0 0 0 0 0 0 0 0 0 0 0 0 0 0 0 0 0 0 0 0 0 0 0 0 0 0 0 0 0 53 53 53 53
26 0 0 0 0 0 0 0 0 0 0 0 0 0 0 0 0 0 0 0 0 0 0 0 0 0 0 0 0 0 0 0 0 0 0 0 0 0 0 0 0 0 0 0 0 0 0 0 0 0 0 0 0 0 0 0 0 0 0 0 0 0 0 0 0 0 0 0 0 0 0 0 0 0 0 0 0 0 0 0 0 0 0 0 0 0 0 4 4 53 53 53 53
26 0 0 0 0 0 0 0 0 0 0 0 0 0 0 0 0 0 0 0 0 0 0 0 0 0 0 0 0 0 0 0 0 0 0 0 0 0 0 0 0 0 0 0 0 0 0 0 0 0 0 0 0 0 0 0 0 0 0 0 0 0 0 0 0 0 0 0 0 0 0 0 0 0 0 0 0 0 0 0 0 0 0 0 0 0 0 53 53 53 53 53 53
26 0 0 0 0 0 0 0 0 0 0 0 0 0 0 0 0 0 0 0 0 0 0 0 0 0 0 0 0 0 0 0 0 0 0 27 4 4 4 4 4 0 0 0 0 0 0 0 0 0 0 0 0 0 0 0 0 0 0 0 0 0 0 0 0 0 0 0 0 0 0 0 0 0 0 0 0 0 0 0 0 0 0 0 0 4 4 53 53 53 53 53 53
26 0 0 0 0 0 0 0 0 0 0 0 0 0 0 0 0 0 0 0 0 0 0 0 0 0 0 0 0 0 0 0 0 0 27 29 0 0 0 0 29 4 0 0 0 0 0 0 0 0 0 0 0 0 0 0 0 4 4 4 0 0 0 0 0 0 0 0 0 0 0 0 0 0 0 0 0 0 0 0 0 0 0 0 4 53 53 53 53 53 53 53 53
26 0 0 0 0 0 0 0 0 0 0 0 0 0 0 0 0 0 0 0 0 0 0 0 0 0 0 0 0 0 0 0 0 0 0 0 0 0 0 0 29 29 4 0 0 0 0 0 0 0 0 0 0 0 0 4 4 29 29 29 0 0 0 0 0 0 0 0 0 0 0 0 0 0 0 0 0 0 0 0 0 0 0 0 53 53 53 53 53 53 53 53 53
26 0 0 0 0 0 0 0 0 0 0 0 0 0 0 0 4 4 4 4 0 0 0 0 0 0 0 0 0 0 0 0 0 0 0 0 0 0 0 0 29 29 29 0 0 0 0 0 0 0 0 0 0 4 4 29 29 29 29 29 0 0 0 0 0 0 0 0 0 0 0 0 0 0 0 0 0 0 0 0 0 0 4 4 53 53 53 53 53 53 53 53 53
26 0 0 0 0 0 0 0 0 0 0 0 0 4 4 4 29 29 29 29 0 0 0 0 0 0 0 0 0 0 0 0 0 0 0 0 0 0 0 0 29 29 29 0 0 0 4 4 4 4 4 4 4 29 29 29 29 29 29 29 0 0 0 0 0 0 0 0 0 0 0 0 0 0 0 0 0 0 0 0 0 0 53 53 53 53 53 53 53 53 53 53 53
4 4 4 4 4 4 4 4 4 4 4 4 4 29 29 29 29 29 29 29 4 4 4 4 4 4 4 4 4 4 4 4 4 4 4 4 0 0 0 0 29 29 29 4 4 4 29 29 29 29 29 29 29 29 29 29 29 29 29 29 4 4 4 4 4 4 4 4 4 4 4 4 4 4 4 4 0 0 0 0 4 4 53 53 53 53 53 53 53 53 53 53 53
29 54 29 29 29 29 54 29 29 29 54 29 54 29 29 54 29 29 54 29 54 29 29 54 29 29 54 29 29 29 29 29 54 29 29 29 0 0 0 0 54 29 29 29 29 54 29 29 54 29 29 54 29 54 29 29 54 29 29 54 29 29 29 29 54 29 29 54 29 29 54 29 29 29 54 29 0 0 0 0 29 29 29 54 29 54 29 29 54 29 54 29 29
29 54 29 54 29 54 29 29 54 29 54 29 54 29 29 54 29 29 29 29 54 29 54 29 29 29 54 29 29 29 54 29 54 29 54 29 0 0 0 0 54 29 54 29 54 29 29 29 54 29 29 29 29 54 29 54 29 54 29 29 29 29 54 29 54 29 29 29 54 29 29 29 29 29 29 29 0 0 0 0 54 29 29 29 29 54 29 29 29 54 29 54 29
54 29 54 29 29 54 29 29 54 29 29 54 29 29 29 54 29 54 29 29 54 29 29 29 29 54 29 29 54 54 29 54 29 29 29 54 0 0 0 0 29 29 54 29 29 29 29 29 29 29 29 54 29 29 29 54 29 29 29 29 54 54 29 54 29 29 54 29 54 29 29 29 29 54 29 29 0 0 0 0 29 54 29 54 29 29 29 29 29 29 29 54 29
29 29 29 29 29 29 29 54 29 54 29 54 29 54 29 29 29 29 54 29 54 29 29 29 54 29 54 29 29 29 54 29 29 54 29 54 0 0 0 0 29 29 29 29 54 29 54 29 54 29 29 54 29 54 29 54 29 54 29 29 29 54 29 29 29 54 29 29 29 54 29 29 29 54 29 54 0 0 0 0 29 29 29 54 29 29 54 29 54 29 54 29 54
54 29 54 29 29 54 29 29 54 29 54 29 54 29 29 54 29 54 54 54 29 54 29 29 54 29 54 54 29 129 129 129 54 29 54 29 0 0 0 0 54 54 29 29 29 29 54 29 54 54 54 29 54 29 54 29 54 29 29 29 29 54 54 29 54 29 29 54 29 54 54 29 54 29 54 29 0 0 0 0 54 29 54 29 54 54 29 54 29 29 54 29 54
29 29 29 29 179 179 179 179 179 179 179 179 179 179 179 179 179 179 179 179 179 179 179 179 179 179 179 179 179 179 179 179 179 179 179 179 179 179 179 179 179 179 179 179 29 29 29 29 29 29 29 29 29 29 29 29 29 29 29 29 29 29 29 29 29 29 29 29 29 29 29 29 179 179 179 179 179 179 179 179 179 179 179 179 179 179 179 179 179 29 29 29 29
29 29 179 179 179 179 179 179 179 179 179 179 179 179 179 179 179 179 179 179 179 179 179 179 179 179 179 179 179 179 179 179 179 179 179 179 179 179 179 179 179 179 179 179 179 29 29 29 29 148 148 148 148 148 148 29 29 148 148 148 148 148 29 29 29 29 29 29 179 179 179 179 179 179 179 179 179 179 179 179 179 179 179 179 179 179 179 179 179 179 29 29 29
29 179 179 179 179 179 179 179 179 179 179 179 179 179 179 179 179 179 179 179 179 179 179 179 179 179 179 179 179 179 179 179 179 179 179 179 179 179 179 179 179 179 179 179 179 179 179 29 29 148 173 173 148 148 148 148 173 173 148 148 29 29 29 29 29 29 179 179 179 179 179 179 179 179 179 179 179 179 179 179 179 179 179 179 179 179 179 179 179 179 179 29 29
29 179 179 179 179 179 179 179 179 179 179 179 179 179 179 179 179 179 179 179 179 179 179 179 179 179 179 179 179 179 179 179 179 179 179 179 179 179 179 179 179 179 179 179 179 179 179 179 29 148 173 173 148 148 173 173 173 173 173 148 29 29 29 29 29 179 179 179 179 179 179 179 179 179 179 179 179 179 179 179 179 179 179 179 179 179 179 179 179 179 179 179 29
29 179 179 179 179 179 179 179 179 179 179 179 179 179 179 179 179 179 179 179 179 179 29 29 29 29 29 29 179 179 179 179 179 179 179 179 179 179 179 179 179 179 179 179 179 179 179 179 29 148 147 148 173 148 173 148 173 148 173 173 29 29 29 29 179 179 179 179 179 179 179 179 179 179 179 179 179 179 179 179 179 179 179 179 179 179 179 179 179 179 179 179 29
29 179 179 179 179 179 179 179 179 179 179 179 179 179 179 179 179 179 179 179 179 179 29 29 29 29 29 29 179 179 179 179 179 179 179 179 179 179 179 179 179 179 179 179 179 179 179 179 29 29 29 148 148 173 173 173 173 173 173 173 173 29 29 29 179 179 179 179 179 179 179 179 179 179 179 179 179 179 179 179 179 179 179 179 179 179 179 179 179 179 179 179 29
29 179 179 179 179 179 179 29 29 29 29 179 179 179 179 29 29 29 29 179 179 179 29 29 29 29 29 29 179 179 179 179 179 179 179 179 179 179 179 179 179 179 179 179 179 179 179 179 29 29 29 148 148 173 148 148 148 148 148 173 173 29 29 29 179 179 179 179 179 179 179 179 179 179 179 179 179 179 179 179 179 179 179 179 179 179 179 179 179 179 179 179 29
29 29 154 154 154 154 154 29 29 29 29 154 154 154 154 29 29 29 29 154 154 154 29 29 29 29 29 29 154 154 154 154 154 154 154 154 154 154 154 154 154 154 154 154 154 154 154 154 29 148 148 148 148 148 148 148 29 29 148 173 148 29 29 29 29 154 154 154 154 154 154 154 154 154 154 154 154 154 154 154 154 154 154 154 154 154 154 154 154 154 154 154 29
29 29 29 29 29 154 154 29 29 29 29 154 154 154 154 29 29 29 29 154 154 154 29 29 29 29 29 29 154 154 154 154 154 154 154 154 154 154 154 154 154 154 154 154 154 154 29 29 29 148 29 29 29 29 29 148 29 29 148 148 148 29 29 29 29 29 29 154 154 154 154 154 154 154 154 154 154 154 154 154 154 154 154 154 154 154 154 154 154 154 154 154 29
29 29 29 29 29 29 29 29 29 29 29 29 154 154 154 29 29 29 29 154 154 154 29 29 29 29 29 29 29 29 154 154 154 154 154 154 154 154 154 154 154 154 154 154 29 29 29 29 29 29 29 29 29 29 29 148 29 29 29 29 148 29 29 29 29 29 29 29 29 29 29 154 154 154 154 154 154 154 154 154 154 154 154 154 154 154 154 154 154 29 29 29 29
29 29 29 29 29 29 29 29 29 29 29 29 29 29 29 29 29 29 29 0 0 0 29 29 29 29 29 29 29 29 29 29 29 29 29 29 29 29 29 29 29 29 29 29 29 29 29 29 29 29 29 29 29 29 29 29 29 29 29 29 29 29 29 29 29 29 29 29 29 29 29 29 29 29 29 29 29 29 29 29 29 29 29 0 0 0 0 29 29 29 29 29 29
29 54 29 54 29 54 29 54 29 29 29 54 29 54 29 54 29 54 29 0 0 0 29 54 29 54 29 54 29 29 29 54 29 54 29 54 29 54 29 29 29 54 29 54 29 54 29 54 29 29 29 54 29 54 29 54 29 54 29 29 29 54 29 54 29 54 29 54 29 29 29 54 29 54 29 54 29 54 29 29 29 54 29 0 0 0 0 29 54 29 54 29 29
54 29 54 29 29 54 29 54 54 29 54 29 54 29 29 54 29 54 54 0 0 0 54 29 29 54 29 54 54 29 54 29 54 29 29 54 29 54 54 29 54 29 54 29 29 54 29 54 54 29 54 29 54 29 29 54 29 54 54 29 54 29 54 29 29 54 29 54 54 29 54 29 54 29 29 54 29 54 54 29 54 29 54 0 0 0 0 29 54 29 54 54 29
29 29 29 29 29 29 29 29 29 29 29 29 29 29 29 179 179 179 179 179 179 179 179 179 179 179 179 179 179 179 179 179 179 179 179 29 29 29 29 29 29 29 29 29 29 29 29 29 29 29 29 29 29 29 29 29 29 29 29 29 29 29 29 29 29 29 29 29 29 179 179 179 179 179 179 179 179 179 179 179 179 179 179 179 179 179 179 179 29 29 29 29 29
29 29 29 29 29 29 29 29 29 29 29 29 29 179 179 179 179 179 179 179 179 179 179 179 179 179 179 179 179 179 179 179 179 179 179 179 179 29 29 29 29 29 29 29 29 29 29 29 29 29 29 29 29 29 29 29 29 29 29 29 29 29 29 29 29 29 29 29 179 179 179 179 179 179 179 179 179 179 179 179 179 179 179 179 179 179 179 179 179 179 29 29 29
29 29 29 29 29 29 29 29 179 179 179 179 179 179 179 179 179 179 179 179 179 179 179 179 179 179 179 179 179 179 179 179 179 179 179 179 179 179 179 179 29 29 29 29 29 29 29 29 29 29 29 29 29 29 29 29 29 29 29 29 29 29 29 29 29 179 179 179 179 179 179 179 179 179 179 179 179 179 179 179 179 179 179 179 179 179 179 179 179 179 179 29 29
29 29 29 29 179 179 179 179 179 179 179 179 179 179 179 179 179 179 179 179 179 179 179 179 179 179 179 179 179 179 179 179 179 179 179 179 179 179 179 179 179 179 179 179 29 29 29 29 29 29 29 29 29 29 29 29 29 29 29 29 29 29 29 179 179 179 179 179 179 179 179 179 179 179 179 179 179 179 179 179 179 179 179 179 179 179 179 179 179 179 179 179 29
29 179 179 179 179 179 179 179 179 179 179 179 179 179 179 179 179 179 179 179 179 179 179 179 179 179 179 179 179 179 179 179 179 179 179 179 179 179 179 179 179 179 179 179 179 179 179 29 29 29 29 29 29 29 29 29 29 29 29 179 179 179 179 179 179 179 179 179 179 179 179 179 179 179 179 179 179 179 179 179 179 179 179 179 179 179 179 179 179 179 179 179 29
29 179 179 179 179 179 179 179 179 179 179 179 179 179 179 179 179 179 179 179 179 179 179 179 179 179 179 179 179 179 179 179 179 179 179 179 179 179 179 179 179 179 179 179 179 179 179 179 179 179 29 29 29 29 29 29 29 29 179 179 179 179 179 179 179 179 179 179 179 179 179 179 179 179 179 179 179 179 179 179 179 179 179 179 179 179 179 179 179 179 179 179 29
29 29 179 179 179 179 179 179 179 179 179 179 179 179 179 179 179 179 179 179 179 179 179 29 29 179 179 179 179 179 179 179 179 179 179 179 179 179 179 179 179 29 29 29 179 179 179 179 179 179 179 29 29 29 29 29 29 179 179 179 179 179 179 179 179 179 179 179 179 179 179 179 179 179 179 179 179 179 179 179 179 179 179 179 179 179 179 179 29 29 29 29 29
29 29 29 179 179 179 179 179 179 179 179 179 179 179 179 179 179 179 179 179 179 29 29 29 29 29 179 179 179 179 179 179 179 179 179 179 179 179 179 179 179 29 29 29 29 179 179 179 179 179 179 179 179 179 179 179 179 179 179 179 179 179 179 179 179 179 179 179 179 179 179 179 179 179 179 179 179 179 179 179 179 179 179 179 179 179 179 29 29 29 29 29 29
29 29 29 29 179 179 179 179 179 179 179 179 179 179 179 179 179 179 179 29 29 29 29 29 29 29 29 29 179 179 179 179 179 179 179 179 179 179 179 179 179 29 29 29 29 29 179 179 179 179 179 179 179 179 179 179 179 179 179 179 179 179 179 179 179 179 179 179 179 179 179 179 179 179 179 179 179 179 179 179 179 179 179 179 179 29 29 29 29 29 29 29 29
29 29 29 29 29 179 179 179 179 179 29 29 29 29 29 29 29 29 29 29 29 29 29 29 29 29 29 29 29 29 29 29 29 29 29 29 29 29 29 29 29 29 29 29 29 29 29 179 179 179 29 29 29 29 29 29 29 29 29 29 29 29 29 29 29 29 29 29 29 29 29 29 29 29 29 29 29 29 29 29 29 29 29 29 29 29 29 29 29 29 29 29 29
29 29 29 54 54 0 0 0 0 0 54 54 54 54 54 54 54 54 54 54 54 54 54 54 54 54 54 54 54 54 54 54 54 54 54 54 54 54 54 54 54 54 54 54 54 29 29 29 29 29 29 29 29 54 54 54 54 54 54 54 54 54 54 54 54 54 54 54 54 54 54 54 54 54 54 54 54 54 54 54 54 54 54 54 54 54 54 54 54 54 54 54 54
29 29 54 54 54 0 0 0 0 0 54 54 54 54 54 54 54 54 54 54 54 54 54 54 54 54 54 54 54 54 54 54 54 54 54 54 54 54 54 54 54 54 54 54 54 54 54 54 54 54 54 54 54 54 54 54 54 54 54 54 54 54 54 54 54 54 54 54 54 54 54 54 54 54 54 54 54 54 54 54 54 54 54 54 54 54 54 54 54 54 54 54 54
29 54 54 54 54 0 0 0 0 0 54 54 54 54 54 54 54 54 54 54 54 54 54 54 54 54 54 54 54 54 54 54 54 54 54 54 54 54 54 54 54 54 54 54 54 54 54 54 54 54 54 54 54 54 54 54 54 54 54 54 54 54 54 54 54 54 54 54 54 54 54 54 54 54 54 54 54 54 54 54 54 54 54 54 54 54 54 54 54 54 54 54 54
54 54 54 54 54 0 0 0 0 0 54 54 54 54 54 54 54 54 54 54 54 54 54 54 54 54 54 54 54 0 0 0 0 0 0 0 0 0 0 0 0 0 0 0 0 0 0 0 0 0 0 0 0 0 0 0 0 0 0 0 0 0 0 0 0 0 0 0 0 0 0 0 0 0 0 0 0 0 0 0 0 0 0 0 0 0 0 0 0 0 0 0 26
54 54 54 54 54 0 0 0 0 0 54 54 54 54 54 54 54 54 54 54 54 54 54 54 54 0 0 0 0 0 0 0 0 0 0 0 0 0 0 0 0 0 0 0 0 0 0 0 0 0 0 0 0 0 0 0 0 0 0 0 0 0 0 0 0 0 0 0 0 0 0 0 0 0 0 0 0 0 0 0 0 0 0 0 0 0 0 0 0 0 0 0 26
54 54 54 54 54 0 0 0 0 0 54 54 54 54 54 54 54 54 54 54 54 54 54 54 0 0 0 0 0 0 0 0 0 0 0 0 0 0 0 0 0 0 0 0 0 0 0 0 0 0 0 0 0 0 0 0 0 0 0 0 0 0 0 0 0 0 0 0 0 0 0 0 0 0 0 0 0 0 0 0 0 0 0 0 0 0 0 0 0 0 0 0 26
54 54 54 54 54 0 0 0 0 0 54 54 54 54 54 54 54 54 54 54 54 54 54 0 0 0 0 0 0 0 0 0 0 0 0 0 0 0 0 0 0 0 0 0 0 0 0 0 0 0 0 0 0 0 0 0 0 0 0 0 0 0 0 0 0 0 0 0 0 0 0 0 0 0 0 0 0 0 0 0 0 0 0 0 0 0 0 0 0 0 0 0 26
54 54 54 54 54 0 0 0 0 0 54 54 54 54 54 54 54 54 54 54 54 54 0 0 0 0 0 0 0 0 0 0 0 0 0 0 0 0 0 0 0 0 0 0 0 0 0 0 0 0 0 0 0 0 0 0 0 0 0 0 0 0 0 0 0 0 0 0 0 0 0 0 0 0 0 0 0 0 0 0 0 0 0 0 0 0 0 0 0 0 0 0 26
54 54 54 54 0 0 0 0 0 0 0 0 0 54 54 54 54 54 54 54 54 0 0 0 0 0 0 0 0 0 0 0 0 0 0 0 0 0 0 0 0 0 0 0 0 0 0 0 0 0 0 0 0 0 0 0 0 0 0 0 0 0 0 0 0 0 0 0 0 0 0 0 0 0 0 0 0 0 0 0 0 0 0 0 0 0 0 0 0 0 0 0 26
54 54 54 0 0 0 0 0 0 0 0 0 0 0 54 54 54 54 54 54 54 0 0 0 0 0 0 0 0 0 0 0 0 0 0 0 0 0 0 0 0 0 0 0 0 0 0 0 0 0 0 0 0 0 0 0 0 0 0 0 0 0 0 0 0 0 0 0 0 0 0 0 0 0 0 0 0 0 0 0 0 0 0 0 0 0 0 0 0 0 0 0 26
54 54 0 0 0 0 0 0 0 0 0 0 0 0 0 54 54 54 54 54 54 0 0 0 0 0 0 0 0 0 0 0 0 0 0 0 0 0 0 0 0 0 0 0 0 0 0 0 0 0 0 0 0 0 0 0 0 0 0 0 0 0 0 0 0 0 0 0 0 0 0 0 0 0 0 0 0 0 0 0 0 0 0 0 0 0 0 0 0 0 0 0 26
54 54 0 0 0 0 0 0 0 0 0 0 0 0 0 0 54 54 54 54 0 0 0 0 0 0 0 0 0 0 0 0 0 0 0 0 0 0 0 0 0 0 0 0 0 0 0 0 0 0 0 0 0 0 0 0 0 0 0 0 0 0 0 0 0 0 0 0 0 0 0 0 0 0 0 0 0 0 0 0 0 0 0 0 0 0 0 0 0 0 0 0 26
54 0 0 0 0 0 0 0 0 0 0 0 0 0 0 0 0 54 54 54 0 0 0 0 0 0 0 0 0 0 0 0 0 0 0 0 0 0 0 0 0 0 0 0 0 0 0 0 0 0 0 0 0 0 0 0 0 0 0 0 0 0 4 4 4 0 0 0 0 0 0 0 0 0 0 0 0 0 0 0 0 0 0 0 0 0 0 0 0 0 0 0 26
54 0 0 0 0 0 0 0 0 0 0 0 0 0 0 0 0 0 0 0 0 0 0 0 0 0 0 0 0 0 0 0 0 0 0 0 0 0 0 0 0 0 0 0 0 0 0 0 0 0 0 0 0 0 0 0 0 0 0 0 0 0 29 29 29 0 0 0 0 0 0 0 0 0 0 0 0 0 0 0 0 0 0 0 0 0 0 0 0 0 0 0 26
54 0 0 0 0 0 0 0 0 0 0 0 0 0 0 0 0 0 0 0 0 0 0 0 0 0 0 0 0 0 0 0 0 0 0 0 0 0 0 0 0 0 0 0 0 0 0 0 0 0 0 0 0 0 0 0 0 0 0 0 0 0 29 54 29 0 0 0 0 0 0 0 0 0 0 0 0 0 437 438 439 0 0 0 0 0 0 0 0 0 0 0 26
54 0 0 0 0 0 0 0 0 0 0 0 0 0 0 0 0 0 0 0 0 0 0 0 0 0 0 0 0 0 0 0 0 0 0 0 0 0 0 0 0 0 0 0 0 0 0 0 0 0 0 0 0 0 0 0 0 0 0 0 0 0 29 54 29 0 0 0 0 0 0 0 0 0 0 0 0 0 0 0 0 0 0 0 0 0 0 0 0 0 0 0 26
54 0 0 0 0 0 0 0 0 0 0 0 0 0 0 0 0 0 0 0 0 0 0 0 0 0 0 0 0 0 0 0 0 0 0 0 0 0 0 0 0 0 0 0 0 0 0 0 0 0 0 0 0 0 0 0 0 0 0 3 4 4 29 54 29 0 0 0 0 0 0 0 0 0 0 0 0 0 0 0 0 0 0 0 0 0 0 0 0 0 0 0 26
29 4 4 4 4 4 4 4 4 4 4 4 4 4 4 4 4 4 4 4 4 4 4 4 4 4 4 4 4 4 4 4 4 4 0 0 0 4 4 4 4 4 4 0 0 0 4 4 4 4 4 4 4 4 4 0 0 0 0 29 29 29 29 29 29 4 4 4 4 4 4 4 4 4 4 4 4 4 4 4 4 4 4 4 4 4 4 4 4 4 4 4 4
29 29 54 29 54 54 54 29 29 54 29 54 29 54 29 54 29 54 29 54 29 54 54 54 29 54 54 29 54 54 29 54 54 29 0 0 0 29 54 54 29 54 29 0 0 0 54 29 54 54 54 54 29 54 54 0 0 0 0 29 54 29 29 54 54 29 29 29 54 29 29 54 54 54 54 29 29 54 54 54 29 54 54 29 29 54 29 29 54 29 54 54 54
54 29 54 29 29 54 29 54 29 54 29 54 29 29 29 54 29 54 29 29 54 54 29 29 54 54 54 29 29 54 29 29 54 29 0 0 0 29 54 54 54 54 29 0 0 0 29 54 54 29 29 54 29 29 29 0 0 0 0 29 54 54 54 29 29 29 54 54 29 29 29 54 29 29 29 29 54 29 29 54 29 54 29 54 54 29 29 54 29 29 29 54 29

