TILEMAP
93 17 							-- Size of tile map in tiles
16 16 							-- Tile size & block size
images/level01.png 	            -- Tilesheet
25 25 							-- Number of tiles in tilesheet
0 0 0 435 436 0 0 0 0 0 0 0 0 0 0 0 0 0 0 0 435 436 0 0 0 0 0 0 0 0 0 0 0 0 0 0 0 0 0 0 0 0 0 0 0 435 436 0 0 0 0 0 0 0 0 0 0 0 0 0 0 0 0 0 0 0 0 0 0 0 0 0 0 0 0 0 0 0 0 0 435 436 0 0 0 0 0 0 0 0 0 0 0
0 0 0 460 461 0 0 0 0 0 0 0 0 0 0 0 0 0 0 0 460 461 0 0 0 0 0 0 0 0 0 0 0 0 0 0 0 0 0 0 0 0 0 0 0 460 461 0 0 0 0 0 0 0 0 0 0 0 0 0 0 0 0 0 0 0 0 0 0 0 0 0 0 0 0 0 0 0 0 0 460 461 0 0 0 0 0 0 0 0 0 0 0
0 0 0 435 436 0 0 0 0 0 0 0 0 0 0 0 0 0 0 0 435 436 0 0 0 0 0 0 0 0 0 0 0 0 0 0 0 0 0 0 0 0 0 0 0 435 436 0 0 0 0 0 0 0 0 0 0 0 0 0 0 0 0 0 0 0 0 0 0 0 0 0 0 0 0 0 0 0 0 0 435 436 0 0 0 0 0 0 0 0 0 0 0
0 0 0 460 461 0 0 0 0 0 0 0 0 0 0 0 0 0 0 0 460 461 0 0 0 0 0 0 0 0 0 0 0 0 0 0 0 0 0 0 0 0 0 0 0 460 461 0 0 0 0 0 0 0 0 0 0 0 0 0 0 0 0 0 0 0 0 0 0 0 0 0 0 0 0 0 0 0 0 0 460 461 0 0 0 0 0 0 0 0 0 0 0
0 0 0 435 436 0 0 0 0 0 0 0 0 0 0 0 0 0 0 0 435 436 0 0 0 0 0 0 0 0 0 0 0 0 0 0 0 0 0 0 0 0 0 0 0 435 436 0 0 0 0 0 0 0 0 0 0 0 0 0 0 0 0 0 0 0 0 0 0 0 0 0 0 0 0 0 0 0 0 0 435 436 0 0 0 0 0 0 0 0 0 0 0
0 0 0 460 461 0 0 0 0 0 0 0 0 0 0 0 0 0 0 0 460 461 0 0 0 0 0 0 0 0 0 0 0 0 0 0 0 0 0 0 0 0 0 0 0 460 461 0 0 0 0 0 0 0 0 0 0 0 0 0 0 0 0 0 0 0 0 0 0 0 0 0 0 0 0 0 0 0 0 0 460 461 0 0 0 0 0 0 0 0 0 0 0
0 0 0 435 436 0 0 0 0 0 0 0 0 0 0 0 0 0 0 0 435 436 0 0 0 0 0 0 0 0 0 0 0 0 0 0 0 0 0 0 0 0 0 0 0 435 436 0 0 0 0 0 0 0 0 0 0 0 0 0 0 0 0 0 0 0 0 0 0 0 0 0 0 0 0 0 0 0 0 0 435 436 0 0 0 0 0 0 0 0 0 0 0
0 0 0 460 461 0 0 0 0 0 0 0 0 0 0 0 0 0 0 0 460 461 0 0 0 0 0 0 0 0 0 17 18 0 0 0 0 0 0 0 0 0 0 0 0 460 461 0 0 0 0 0 0 0 0 0 0 0 0 0 0 0 0 0 0 0 0 0 0 0 0 0 0 0 0 0 0 0 0 0 460 461 0 0 0 0 0 0 0 0 0 0 0
0 0 0 435 436 0 0 0 0 0 0 0 0 0 0 0 0 0 0 0 435 436 0 0 0 0 0 0 0 0 0 42 43 0 0 0 0 0 0 0 0 0 0 0 0 435 436 0 0 0 0 0 0 0 0 0 0 0 0 0 0 0 0 0 0 0 0 0 0 0 0 0 0 0 0 0 0 0 0 0 435 436 0 0 0 0 0 0 0 0 0 0 0
0 0 0 460 461 0 0 0 0 0 0 0 0 0 0 0 0 0 0 0 460 461 0 0 0 0 0 0 0 0 0 0 0 0 0 0 0 0 0 0 0 0 0 0 0 460 461 0 0 0 0 0 0 0 0 0 0 0 0 0 0 0 0 0 0 0 0 0 0 0 0 0 0 0 0 0 0 0 0 0 460 461 0 0 0 0 0 0 0 0 0 0 0
0 0 0 435 436 0 0 0 0 0 0 0 0 0 0 0 0 0 0 0 435 436 0 0 0 0 0 0 0 0 0 0 0 0 0 0 0 0 0 0 0 0 0 0 0 435 436 0 0 0 0 0 0 0 0 0 0 0 0 0 0 0 0 0 0 0 0 0 0 0 0 0 0 0 0 0 0 0 0 0 435 436 0 0 0 0 0 0 0 0 0 0 0
0 0 0 460 461 0 0 0 17 18 0 0 0 0 0 0 0 0 0 0 460 461 0 0 0 0 0 0 0 0 0 0 0 0 0 0 0 0 0 0 0 0 0 0 0 460 461 0 0 0 0 0 0 0 0 0 0 0 0 0 0 0 0 0 0 0 0 0 0 0 0 0 0 0 0 0 0 0 0 0 460 461 0 0 0 0 0 0 0 0 0 0 0
0 0 0 435 436 0 0 0 42 43 0 39 40 41 0 0 0 0 0 0 435 436 0 0 0 0 0 0 0 0 0 0 0 0 0 0 0 0 0 0 0 0 0 0 0 435 436 0 0 0 0 0 0 0 0 0 0 0 0 0 0 0 0 0 0 0 0 0 0 0 0 0 0 0 0 0 0 0 0 0 435 436 0 0 0 0 0 0 0 0 0 0 0
0 65 66 460 461 0 0 0 0 0 0 0 0 0 0 64 0 0 0 0 460 461 0 0 0 0 0 0 0 0 0 0 0 0 0 0 0 0 0 0 0 0 0 0 0 460 461 0 0 0 0 0 0 0 0 0 0 0 0 0 0 0 0 0 0 0 0 0 0 0 0 0 0 0 0 0 0 0 0 0 460 461 0 0 0 0 0 0 0 0 0 0 0
0 0 0 0 0 0 0 0 0 0 0 0 0 0 0 0 0 0 0 0 0 0 0 0 0 0 0 0 0 0 0 0 0 0 0 0 0 0 0 0 0 0 0 0 0 0 0 0 0 0 0 0 0 0 0 0 0 0 0 0 0 0 0 0 0 0 0 0 0 0 0 0 0 0 0 0 0 0 0 0 0 0 0 0 0 0 0 0 0 0 0 0 0
0 0 0 0 0 0 0 0 0 0 0 0 0 0 0 0 0 0 0 0 0 0 0 0 0 0 0 0 0 0 0 0 0 0 0 0 0 0 0 0 0 0 0 0 0 0 0 0 0 0 0 0 0 0 0 0 0 0 0 0 0 0 0 0 0 0 0 0 0 0 0 0 0 0 0 0 0 0 0 0 0 0 0 0 0 0 0 0 0 0 0 0 0
0 0 0 0 0 0 0 0 0 0 0 0 0 0 0 0 0 0 0 0 0 0 0 0 0 0 0 0 0 0 0 0 0 0 0 0 0 0 0 0 0 0 0 0 0 0 0 0 0 0 0 0 0 0 0 0 0 0 0 0 0 0 0 0 0 0 0 0 0 0 0 0 0 0 0 0 0 0 0 0 0 0 0 0 0 0 0 0 0 0 0 0 0
